-0.106
-0.141
-0.141
-0.176
-0.107
-0.212
-0.175
-0.141
-0.107
-0.141
-0.140
-0.177
-0.106
-0.141
-0.106
-0.175
-0.141
-0.174
-0.141
-0.140
-0.177
-0.140
-0.140
-0.106
-0.141
-0.175
-0.177
-0.176
-0.176
-0.176
-0.140
-1.057
-18.85
0.3325
-11.50
1.1115
0.9173
-14.69
-2.159
5.7268
1.6873
4.9691
-14.97
-15.34
0.0531
-4.806
-10.52
-18.86
-9.624
-0.751
-2.133
-3.411
-5.031
-4.049
-0.375
13.111
15.672
-14.07
9.7176
11.392
8.0337
18.800
21.220
34.109
36.706
37.738
42.712
42.074
39.404
43.150
35.375
32.734
26.075
30.283
33.315
31.696
31.063
30.617
35.589
38.756
37.330
41.667
39.769
32.093
34.178
35.847
38.954
35.710
35.542
27.916
21.280
-14.77
-15.90
-1.519
-0.108
-0.098
-0.137
-0.098
-0.136
-0.070
-0.146
-0.108
-0.147
-0.137
-0.175
-0.108
-0.137
-0.147
-0.118
-0.098
-0.127
-0.138
-0.097
-0.098
-0.176
-0.185
-0.148
-0.107
-0.137
-0.136
-0.096
-0.137
-0.115
-0.137
-0.498
-38.14
-33.57
-40.32
-40.38
-34.94
-36.30
-26.69
-39.39
-37.02
-28.54
-38.73
-21.70
-35.31
-29.95
-25.21
-37.38
-27.74
-22.82
-36.32
-39.45
-22.93
-26.24
-36.51
-36.55
-24.22
-24.06
-32.73
-40.35
-34.45
-22.67
-22.27
-26.22
-31.81
-37.19
-38.10
-39.26
-28.18
-22.11
-27.29
-21.89
-32.56
-33.40
-35.42
-36.24
-36.72
-35.78
-36.35
-28.56
-24.52
-19.94
-23.79
-22.04
-24.61
-27.25
-31.98
-32.03
-32.37
-32.24
-34.05
-34.69
-37.69
-38.56
-16.27
11.210
-5.808
-21.28
-0.057
-0.089
-0.088
-0.049
-0.072
-0.073
-0.072
-0.072
-0.072
-0.071
-0.072
-0.048
-0.073
-0.048
-0.033
-0.032
-0.055
-0.073
-0.089
-0.008
-0.114
-0.064
-0.088
-0.087
-0.031
-0.114
-0.154
-0.073
-0.048
-0.089
-0.008
-0.055
-0.072
-0.033
-0.073
-0.598
-14.49
-12.01
-14.26
0.1310
9.4881
-27.89
8.1601
-12.90
-9.160
-7.300
-6.354
-12.35
-11.36
1.6427
-2.263
-13.27
7.3204
8.1608
-0.199
3.5374
12.777
11.624
12.841
12.813
24.843
33.663
37.687
35.654
22.600
29.916
38.699
45.938
33.762
30.883
30.810
27.306
20.534
23.972
25.301
38.072
40.999
36.381
36.571
33.873
31.279
26.250
28.088
16.901
18.617
15.087
17.413
19.613
20.862
13.854
-15.75
-31.09
-44.84
-14.96
-0.318
-0.248
-0.286
-0.283
-0.284
-0.286
-0.249
-0.249
-0.283
-0.248
-0.284
-0.249
-0.212
-0.217
-0.249
-0.212
-0.250
-0.248
-0.284
-0.251
-0.214
-0.285
-0.251
-0.285
-0.250
-0.250
-0.250
-0.216
-0.284
-0.249
-0.284
-0.249
-0.213
-0.284
-0.287
-0.213
-0.251
-0.212
-0.248
-0.286
-0.250
-0.250
-0.215
-0.247
-0.214
-0.250
-0.248
-0.212
-0.248
-0.285
-0.778
-24.17
-35.26
-35.86
-40.25
-25.00
-42.34
-45.87
-44.98
-45.00
-41.02
-37.91
-37.92
-20.25
-27.24
-41.86
-31.69
-21.81
-32.59
-35.75
-34.22
-22.39
-21.95
-30.95
-37.96
-37.45
-32.86
-20.67
-24.33
-27.92
-30.61
-35.10
-35.73
-36.03
-28.62
-25.70
-22.13
-21.47
-27.05
-33.40
-32.63
-34.31
-37.06
-38.80
-34.83
-37.05
-31.11
-31.10
-25.26
-19.75
-23.27
-24.92
-24.75
-25.48
-22.35
-23.92
-28.79
-31.64
-4.317
18.805
0.1792
-0.087
-0.148
-0.103
-0.106
-0.107
-0.090
-0.085
-0.126
-0.085
-0.085
-0.126
-0.107
-0.148
-0.107
-0.126
-0.107
-0.107
-0.085
-0.103
-0.147
-0.126
-0.108
-0.044
-0.129
-0.084
-0.144
-0.125
-0.144
-0.062
-0.109
-0.066
-0.025
-0.144
-0.066
-0.084
-0.144
-0.107
-0.130
-0.067
-0.085
-0.106
-0.126
-0.107
-0.144
-0.207
-0.062
-0.125
-0.125
-0.126
-0.085
-0.129
-0.085
-0.065
-0.126
-0.065
-0.085
-0.085
-0.103
-0.103
-0.147
-0.067
-0.125
-0.084
-0.085
-0.085
-0.085
-0.107
-3.093
-11.95
-6.916
-2.197
-9.012
-3.591
12.718
-8.432
8.9120
-3.538
-8.128
-2.172
-1.475
-9.377
2.0494
9.2516
8.0276
0.0239
5.0750
23.433
28.567
25.113
16.434
18.318
36.327
47.135
45.157
33.126
30.355
21.791
25.205
33.093
31.317
41.482
34.902
32.391
29.663
30.203
21.243
16.021
19.193
14.938
13.428
14.563
9.8598
-10.25
-25.64
-31.32
-12.87
