0.00
0.03
-0.0
0.03
0.03
0.00
0.00
-0.0
-0.0
0.06
-0.0
-0.0
-0.0
-0.0
0
0.03
0.00
0
0.03
-0.0
-0.0
-0.0
0.03
0
0.03
0
-0.0
-0.0
-0.0
0
-0.0
0.03
-0.2
13.2
-3.0
15.9
7.03
1.73
19.4
-3.5
1.87
-0.3
8.33
6.01
-2.8
5.85
17.7
23.6
4.25
4.89
18.6
36.2
38.7
38.5
36.4
31.8
41.1
46.3
55.9
52.2
54.6
53.5
56.2
54.9
53.2
51.2
53.3
52.7
57.2
54.3
57.6
52.2
51.9
55.5
39.3
36.2
35.1
37.5
37.4
41.1
50.3
48.6
43.0
-14.5
-2.6
-26.9
0.84
-0.0
-0.0
-0.0
-0.0
-0.0
-0.0
-0.0
-0.0
-0.0
0.02
-0.0
-0.0
0.02
-0.0
-0.0
-0.0
-0.0
-0.0
-0.0
0.02
-0.0
-0.0
-0.0
-0.0
-0.0
-0.0
-0.0
-0.0
-0.0
-0.0
-0.0
-0.0
-0.0
-0.1
-0.2
-0.2
-0.2
-0.1
-0.1
-0.2
-0.2
-0.1
-0.2
-0.2
-0.2
-0.2
-0.1
-0.1
-0.2
-0.2
-0.2
-0.2
-0.1
-0.1
-0.1
-0.1
-0.2
-0.2
-0.2
-0.1
-0.1
-0.1
-0.2
0.45
7.95
8.56
3.63
4.42
-0.6
18.6
5.78
16.8
7.59
14.1
12.2
4.36
8.02
22.7
23.8
20.3
16.4
23.2
32.4
34.7
38.8
36.1
31.9
42.9
51.3
57.1
56.7
51.7
44.0
46.0
53.5
56.9
56.8
54.4
46.0
42.2
39.8
39.0
40.6
38.3
45.7
51.0
53.3
51.5
49.9
50.0
53.1
56.1
50.5
44.2
33.9
-20.9
-26.3
8.14
0.02
0.04
0.02
0.00
-0.0
0.04
0.06
0.00
0.02
0.02
0.06
-0.0
0.06
0.00
0.02
0.02
0.02
0.00
0.00
0.02
0.00
0.02
0.00
-0.0
-0.0
-0.0
-0.0
-0.0
-0.0
-0.0
-0.1
-0.0
-0.0
-0.0
0.02
-0.0
0.01
-0.0
-0.0
-0.0
-0.0
-0.0
-0.0
-0.0
0.02
-0.0
-0.0
-0.0
-0.0
-0.0
-0.0
-0.0
0.02
-0.0
-0.0
0.02
-0.0
-0.0
-0.0
-0.0
0.36
14.7
4.11
-2.4
3.30
-2.9
21.3
5.34
16.8
10.4
10.8
5.67
-2.9
-3.1
2.11
8.44
4.93
-1.4
-4.4
-1.9
6.11
8.20
10.6
9.73
8.05
7.02
7.90
17.3
28.8
40.9
38.0
45.9
45.6
45.7
54.7
55.0
54.6
52.4
55.7
53.3
53.8
53.9
54.1
54.2
57.3
57.3
55.1
56.9
57.3
53.5
56.1
55.6
53.1
56.8
56.3
-5.4
-14.7
8.03
0.24
0.24
0.24
0.21
0.21
0.28
0.28
0.31
0.24
0.21
0.21
0.24
0.21
0.24
0.24
0.24
0.21
0.24
0.24
0.21
0.21
0.24
0.21
0.21
0.24
0.24
0.24
0.21
0.24
0.21
0.24
0.28
0.24
0.21
0.28
0.28
0.24
0.28
0.21
0.21
0.17
0
-12.8
-8.6
-16.6
-25.9
-14.1
-36.3
-28.5
-12.4
-21.3
-27.2
-8.5
-17.2
-22.1
-7.3
-8.6
-18.
-21.8
-8.6
-8.6
-21.2
-22.5
-22.2
-8.3
-7.1
-10.4
-21.4
-21.6
-22.4
-17.9
-7.8
-10.2
-7.9
-18.5
-18.
-24.4
20.5
2.86
-26.7
-0.1
-0.1
-0.1
-0.1
-0.1
-0.1
-0.1
-0.1
-0.1
-0.1
-0.1
-0.1
-0.1
-0.1
-0.2
-0.1
-0.1
-0.1
-0.1
-0.1
-0.1
-0.1
-0.1
-0.1
-0.1
-0.1
-0.1
-0.1
-0.1
-0.1
-0.1
-0.1
-0.1
0.46
-9.3
4.97
3.27
2.91
9.56
1.64
12.3
-3.2
2.78
3.31
13.2
-0.9
1.77
12.6
4.75
3.22
18.7
10.2
2.99
5.56
11.1
8.81
5.13
-0.7
1.72
13.3
17.8
16.3
18.8
15.7
24.7
30.3
44.5
45.0
47.3
43.9
47.8
39.4
50.6
46.1
52.8
52.4
56.3
58.6
58.3
53.3
41.3
47.1
41.1
45.7
50.6
47.1
50.7
52.9
52.9
48.0
11.6
-26.5
-18.7
2.53
0.00
0.00
0
0.00
-0.0
0.03
0.04
0
0.00
-0.0
0.03
0
0.03
0.03
0.03
