-1.73
-2.01
-2.54
-1.52
-0.82 
0.021
1.040
1.817
3.365
4.944
6.395
7.779
10.14 
9.159
9.696
11.67
12.13
12.66
14.22
13.57
14.68
14.43
13.83
15.31
15.78
15.30
14.63
15.07
15.35
16.87
16.56
16.71
16.18
16.18
13.90
14.52
11.75
10.70
6.590
3.743
1.709
-0.24
-2.49
-6.30
-6.08
-5.70
-4.56
-1.20
0.491
5.494
9.291
14.78
18.57
21.34
24.65
23.12
23.43
21.17
18.57
16.45
14.75
11.63
9.295
7.365
6.036
6.565
4.064
3.134
2.481
2.233
1.247
0.763
1.159
2.020
4.446
7.180
9.399
11.22
11.79
13.62
13.35
12.92
13.76
13.53
14.24
14.42
15.14
13.79
14.19
12.22
11.27
8.750
8.538
7.510
6.444
6.481
6.408
5.526
5.456
5.609
5.968
6.793
8.770
8.499
8.447
9.649
10.80
11.51
12.95
12.50
13.67
13.12
13.73
14.01
14.28
12.46
12.65
11.63
12.04
11.15
10.79
11.27
9.111
8.433
8.911
8.283
7.511
5.786
5.282
3.372
2.817
0.973
0.493
0.453
0.696
0.513
0.359
0.374
1.135
1.135
2.089
2.891
3.707
4.387
4.397
6.686
6.220
6.498
8.389
8.004
8.961
8.797
9.313
8.348
8.204
8.407
7.641
7.877
5.955
5.260
5.253
4.369
3.985
2.097
2.683
2.768
2.736
2.618
1.564
1.599
2.466
3.223
3.790
5.006
5.970
6.513
6.286
5.848
5.032
5.441
5.880
5.818
5.170
4.322
5.759
5.266
6.732
7.264
7.699
8.356
7.758
7.775
7.316
7.334
6.486
4.909
4.631
4.602
4.288
2.856
2.670
2.382
2.762
3.292
1.726
2.622
2.482
2.699
2.780
3.467
5.086
5.561
5.307
6.636
6.658
6.592
7.513
8.168
7.604
7.146
6.441
6.046
5.572
6.735
7.610
7.976
7.267
7.989
6.796
7.638
7.233
7.156
6.256
4.117
4.610
3.981
2.206
1.638
0.692
1.625
1.417
0.742
1.280
1.674
1.792
3.665
3.191
5.186
5.720
5.924
7.094
6.779
6.595
8.040
7.557
8.556
-1.73
-2.01
-2.54
-1.52
-0.82 
0.021
1.040
1.817
3.365
4.944
6.395
7.779
10.14 
9.159
9.696
11.67
12.13
12.66
14.22
13.57
14.68
14.43
13.83
15.31
15.78
15.30
14.63
15.07
15.35
16.87
16.56
16.71
16.18
16.18
13.90
14.52
11.75
10.70
6.590
3.743
1.709
-0.24
-2.49
-6.30
-6.08
-5.70
-4.56
-1.20
0.491
5.494
9.291
14.78
18.57
21.34
24.65
23.12
23.43
21.17
18.57
16.45
14.75
11.63
9.295
7.365
6.036
6.565
4.064
3.134
2.481
2.233
1.247
0.763
1.159
2.020
4.446
7.180
9.399
11.22
11.79
13.62
13.35
12.92
13.76
13.53
14.24
10.42
10.14
10.79
10.19
10.22
10.27
10.75
10.53
10.51
10.44
10.48
16.40
15.52
15.45
15.60
15.96
16.79
18.77
18.49
18.44
19.64
10.80
11.51
12.95
12.50
13.67
13.12
13.73
14.01
14.28
12.46
12.65
11.63
12.04
11.15
10.79
11.27
10.11
10.43
10.91
10.28
10.51
10.78
10.28
10.37
10.81
10.97
10.49
10.45
10.69
10.51
20.35
20.37
20.13
20.13
20.08
20.89
20.70
20.38
20.39
20.68
20.22
6.498
8.389
8.004
8.961
8.797
9.313
8.348
8.204
8.407
7.641
7.877
5.955
5.260
5.253
4.369
3.985
2.097
2.683
2.768
2.736
2.618
1.564
1.599
2.466
3.223
3.790
5.006
5.970
6.513
6.286
5.848
5.032
5.441
5.880
5.818
5.170
4.322
5.759
5.266
6.732
7.264
7.699
8.356
7.758
7.775
7.316
7.334
6.486
4.909
4.631
4.602
4.288
2.856
2.670
2.382
2.762
3.292
1.726
2.622
2.482
2.699
2.780
3.467
5.086
5.561
5.307
6.636
6.658
6.592
7.513
8.168
7.604
7.146
6.441
6.046
5.572
6.735
7.610
7.976
7.267
7.989
6.796
7.638
7.233
7.156
6.256
4.117
4.610
3.981
2.206
1.638
0.692
1.625
1.417
0.742
1.280
5.674
8.729
10.65
10.11
10.16
10.70
10.94
10.04
10.79
10.55
10.00
20.57
20.56
20.73
22.01
20.54
25.52
20.82 
30.01
30.00
30.87
30.35
30.94
30.35
30.79
30.14 
30.19
30.66
31.67
32.13
32.66
34.22
33.57
34.68
34.43
33.83
35.31
55.78
55.30
54.63
45.07
45.35
46.87
46.56
46.71
56.18
56.18
13.90
14.52
11.75
10.70
30.59
30.73
10.79
00.24
20.49
30.30
30.08
50.70
40.56
10.20
50.41
50.44
30.21
14.78
18.57
21.34
24.65
23.12
23.43
21.17
18.57
16.45
14.75
11.63
30.25
40.35
40.06
40.55
40.04
30.14
20.41
20.23
10.27
00.73
10.19
20.00
40.46
40.10
30.39
11.22
11.79
13.62
13.35
12.92
13.76
13.53
14.24
14.42
15.14
13.79
14.19
12.22
11.27
40.70
40.58
40.50
40.44
40.41
40.48
40.56
50.46
50.69
50.98
60.73
30.70
30.49
30.47
30.69
10.80
11.51
12.95
12.50
13.67
13.12
13.73
14.01
14.28
12.46
12.65
11.63
12.04
11.15
10.79
11.27
49.11
48.33
48.11
48.83
47.11
45.86
45.82
43.72
52.17
40.73
40.93
40.53
40.96
40.13
40.59
40.74
41.35
41.35
42.89
42.91
43.07
44.87
44.97
46.86
46.20
46.48
48.39
48.04
48.91
48.77
49.33
48.38
48.24
48.47
47.61
47.87
45.95
45.20
45.23
44.39
43.95
42.07
42.63
42.78
42.76
42.68
41.54
41.59
42.46
43.23
43.70
45.06
45.90
46.53
46.26
45.88
45.02
45.41
45.80
45.88
45.10
44.32
55.79
55.26
56.72
57.24
47.69
48.36
47.78
47.75
47.36
47.34
46.46
44.99
44.61
44.62
44.28
42.86
42.60
42.32
42.72
43.22
41.76
42.62
42.42
42.69
42.70
43.47
45.06
45.51
45.37
46.66
46.68
46.52
47.53
48.18
47.64
47.16
46.41
46.06
45.52
46.75
47.60
47.96
47.27
47.99
46.76
47.68
47.23
47.16
46.26
44.17
44.60
43.91
42.26
41.68
40.62
41.65
41.47
40.72
41.20
41.64
41.72
43.65
43.11
45.16
45.70
45.94
47.04
46.79
46.55
48.00
47.57
48.56
41.73
42.01
42.54
41.52
40.82 
40.01
41.00
41.87
43.35
44.94
46.35
47.79
40.46 
49.19
49.66
41.67
42.13
42.66
44.22
43.57
44.68
44.43
43.83
45.31
45.78
45.30
44.63
45.07
45.35
46.87
46.56
46.71
46.18
46.18
43.90
44.52
41.75
40.70
46.90
43.43
41.09
40.24
42.49
46.30
46.08
45.70
44.56
41.20
40.41
45.44
49.21
41.28
41.27
42.24
42.25
42.22
42.23
42.27
41.27
41.25
41.25
41.23
49.25
47.35
46.06
46.55
44.04
43.14
42.41
42.23
41.27
40.73
41.19
42.00
44.46
47.10
49.39
41.22
41.79
41.62
41.35
41.92
41.76
41.53
41.24
41.42
41.14
41.79
41.19
41.22
41.27
41.75
41.53
41.51
41.44
41.48
41.40
41.52
41.45
41.60
41.96
41.79
41.77
41.49
41.44
41.64
41.80
41.51
41.95
41.50
41.67
41.12
41.73
41.01
41.28
41.46
41.65
41.63
41.04
41.15
41.79
41.27
41.11
41.43
41.91
41.28
41.51
41.78
41.28
41.37
41.81
41.97
41.49
41.45
41.69
41.51
42.35
52.37
42.13
42.13
42.08
42.89
42.70
42.38
42.39
42.68
42.22
46.48
48.39
48.04
48.91
48.77
49.33
48.38
48.24
48.47
47.61
47.87
45.95
45.20
45.23
44.39
43.95
42.07
42.63
42.78
42.76
42.68
41.54
41.59
42.46
43.23
43.70
45.06
45.90
46.53
46.26
45.88
45.02
45.41
45.80
45.88
45.10
44.32
45.79
45.26
46.72
47.24
47.69
48.36
47.78
47.75
47.36
47.34
46.46
44.99
44.61
44.62
44.28
42.86
42.60
42.32
42.72
43.22
41.76
42.62
42.42
42.69
42.70
43.47
45.06
45.51
45.37
46.66
46.68
46.52
47.53
48.18
47.64
47.16
46.41
46.06
45.52
46.75
47.60
47.96
47.27
47.99
46.76
47.68
47.23
47.16
46.26
44.17
44.60
43.91
42.26
41.68
40.62
41.65
41.47
40.72
41.20
41.64
41.72
43.65
43.11
45.16
45.70
45.94
47.04
46.79
46.55
48.00
47.57
48.56
41.73
42.01
42.54
41.52
40.82 
40.01
41.00
41.87
43.35
44.94
46.35
47.79
40.14 
49.19
49.66
41.67
41.13
41.66
41.22
41.57
41.68
41.43
41.83
41.31
41.78
41.30
41.63
41.07
41.35
41.87
41.56
41.71
41.18
41.18
41.90
41.52
41.75
41.70
46.50
43.73
41.79
40.24
42.49
46.30
46.08
45.70
44.56
41.20
40.41
45.44
49.21
41.78
41.57
42.34
42.65
42.12
42.43
42.17
41.57
41.45
41.75
41.63
49.25
47.35
46.06
46.55
44.04
43.14
42.41
42.23
41.27
40.73
41.19
42.00
44.46
47.10
49.39
41.22
41.79
41.62
41.35
41.92
41.76
41.53
41.24
41.42
41.14
41.79
41.19
41.22
41.27
48.70
48.58
47.50
46.44
46.41
46.48
45.56
45.46
45.69
45.98
46.73
48.70
48.49
48.47
49.69
41.80
41.51
41.95
41.50
41.67
41.12
41.73
41.01
41.28
41.46
41.65
41.63
41.04
41.15
41.79
41.27
49.11
48.33
48.11
48.83
47.11
45.86
45.82
43.72
42.17
40.73
40.93
40.53
40.96
40.13
40.59
40.74
41.35
41.35
42.89
42.91
43.07
44.87
44.97
46.86
46.20
46.98
48.89
48.04
48.61
48.97
49.13
48.48
48.04
48.07
47.41
47.77
45.55
45.60
45.53
44.69
43.85
42.97
42.83
42.68
42.36
42.18
41.64
41.99
42.66
43.23
43.90
45.06
45.70
46.13
46.86
45.48
45.32
45.41
45.80
45.18
45.70
44.22
45.59
45.66
46.32
47.64
47.99
48.56
47.58
47.75
47.16
47.34
46.86
44.09
44.31
44.02
44.88
42.56
42.70
42.82
42.62
43.92
41.26
42.22
42.82
42.99
42.80
43.67
45.86
45.61
45.07
46.36
46.58
46.92
47.13
48.68
47.04
47.46
46.41
46.46
45.72
46.35
47.10
47.76
47.67
47.89
46.96
47.38
47.33
47.56
46.56
44.17
44.10
43.81
42.06
41.38
40.92
41.25
41.17
40.42
41.80
41.74
41.92
43.65
43.91
45.86
45.20
45.24
47.94
46.79
46.95
48.40
47.57
48.56
41.73
42.01
42.54
41.52
40.82 
40.21
41.40
41.17
43.65
44.44
46.95
47.79
41.14 
49.19
49.66
41.67
41.13
41.66
41.22
41.57
41.68
41.43
41.83
41.31
41.78
41.30
41.63
41.07
41.35
41.87
41.56
41.71
41.18
41.18
41.90
41.52
41.75
41.70
46.50
43.73
41.79
40.24
42.49
46.30
46.08
45.70
44.56
41.20
40.41
45.44
49.21
41.78
41.57
42.34
42.65
42.12
42.43
42.17
41.57
41.45
41.75
41.63
49.25
47.35
46.06
46.55
44.04
43.14
42.41
42.23
41.27
40.73
41.19
42.00
44.46
47.10
49.39
41.22
41.79
41.62
41.35
41.92
41.76
41.53
41.24
41.42
41.14
41.79
41.19
41.22
41.27
41.75
41.53
41.51
41.44
41.48
41.40
41.52
41.45
41.60
41.96
41.79
41.77
41.49
41.44
41.64
41.80
41.51
41.95
41.50
41.67
41.12
41.73
41.01
41.28
41.46
41.65
41.63
41.04
41.15
41.79
41.27
41.11
41.43
41.91
41.28
41.51
41.78
41.28
41.37
41.81
41.97
41.49
41.45
41.69
41.51
42.35
42.37
42.13
42.13
42.08
42.89
42.70
42.38
42.39
42.68
42.22
46.48
48.39
48.04
48.91
48.77
49.33
48.38
48.24
48.47
47.61
47.87
45.95
45.20
45.23
44.39
43.95
42.07
42.63
42.78
42.76
42.68
41.54
41.59
42.46
43.23
43.70
45.06
45.90
46.53
46.26
45.88
45.02
45.41
45.80
45.88
45.10
44.32
45.79
45.26
46.72
47.24
47.69
48.36
47.78
47.75
57.36
57.34
56.46
54.99
54.61
54.62
54.28
52.86
52.60
52.32
52.72
53.22
51.76
52.62
52.42
52.69
52.70
53.47
55.06
55.51
55.37
56.66
56.68
56.52
57.53
58.18
57.64
57.16
6.441
6.046
5.572
6.735
7.610
7.976
7.267
7.989
6.796
7.638
7.233
7.156
6.256
4.117
4.610
3.981
2.206
1.638
0.692
1.625
1.417
0.742
1.280
1.674
1.792
3.665
3.191
5.186
5.720
5.924
7.094
6.779
6.595
8.040
7.557
8.556
-1.73
-2.01
-2.54
-1.52
-0.82 
0.021
1.040
1.817
3.365
4.944
6.395
7.779
10.14 
9.159
9.696
11.67
12.13
12.66
14.22
13.57
14.68
14.43
13.83
15.31
15.78
15.30
14.63
15.07
15.35
16.87
16.56
16.71
16.18
16.18
13.90
14.52
11.75
10.70
6.590
3.743
1.709
-0.24
-2.49
-6.30
-6.08
-5.70
-4.56
-1.20
0.491
5.494
9.291
14.78
18.57
21.34
24.65
23.12
23.43
21.17
18.57
16.45
14.75
11.63
9.295
7.365
6.036
6.565
4.064
3.134
2.481
2.233
1.247
0.763
1.159
2.020
4.446
7.180
9.399
11.22
11.79
13.62
13.35
12.92
13.76
13.53
14.24
14.42
15.14
13.79
14.19
12.22
11.27
8.750
8.538
7.510
6.444
6.481
6.408
5.526
5.456
5.609
5.968
6.793
8.770
8.499
8.447
9.649
10.80
11.51
12.95
12.50
13.67
13.12
13.73
14.01
14.28
12.46
12.65
11.63
12.04
11.15
10.79
11.27
9.111
8.433
8.911
8.283
7.511
5.786
5.282
3.372
2.817
0.973
0.493
0.453
0.696
0.513
0.359
0.374
1.135
1.135
2.089
2.891
3.707
4.387
4.397
6.686
6.220
6.498
8.389
8.004
8.961
8.797
9.313
8.348
8.204
8.407
7.641
7.877
5.955
5.260
5.253
4.369
3.985
2.097
2.683
2.768
2.736
2.618
1.564
1.599
2.466
3.223
3.790
5.006
5.970
6.513
6.286
5.848
5.032
5.441
5.880
5.818
5.170
4.322
5.759
5.266
6.732
7.264
7.699
8.356
7.758
7.775
7.316
7.334
6.486
4.909
4.631
4.602
4.288
2.856
2.670
2.382
2.762
3.292
1.726
2.622
2.482
2.699
2.780
3.467
5.086
5.561
5.307
6.636
6.658
6.592
7.513
8.168
7.604
7.146
6.441
6.046
5.572
6.735
7.610
7.976
7.267
7.989
6.796
7.638
7.233
7.156
6.256
4.117
4.610
3.981
2.206
1.638
0.692
1.625
1.417
0.742
1.280
1.674
1.792
3.665
3.191
5.186
5.720
5.924
7.094
6.779
6.595
8.040
7.557
8.556
-1.73
-2.01
-2.54
-1.52
-0.82 
0.021
1.040
1.817
3.365
4.944
6.395
7.779
10.14 
9.159
9.696
11.67
12.13
12.66
14.22
13.57
14.68
14.43
13.83
15.31
15.78
15.30
14.63
15.07
15.35
16.87
16.56
16.71
16.18
16.18
13.90
14.52
11.75
10.70
6.590
3.743
1.709
-0.24
-2.49
-6.30
-6.08
-5.70
-4.56
-1.20
0.491
5.494
9.291
14.78
18.57
21.34
24.65
23.12
23.43
21.17
18.57
16.45
14.75
11.63
9.295
7.365
6.036
6.565
4.064
3.134
2.481
2.233
1.247
0.763
1.159
2.020
4.446
7.180
9.399
11.22
11.79
13.62
13.35
12.92
13.76
13.53
14.24
10.42
10.14
10.79
10.19
10.22
10.27
10.75
10.53
10.51
10.44
10.48
16.40
15.52
15.45
15.60
15.96
16.79
18.77
18.49
18.44
19.64
10.80
11.51
12.95
12.50
13.67
13.12
13.73
14.01
14.28
12.46
12.65
11.63
12.04
11.15
10.79
11.27
10.11
10.43
10.91
10.28
10.51
10.78
10.28
10.37
10.81
10.97
10.49
10.45
10.69
10.51
20.35
20.37
20.13
20.13
20.08
20.89
20.70
20.38
20.39
20.68
20.22
6.498
8.389
8.004
8.961
8.797
9.313
8.348
8.204
8.407
7.641
7.877
5.955
5.260
5.253
4.369
3.985
2.097
2.683
2.768
2.736
2.618
1.564
1.599
2.466
3.223
3.790
5.006
5.970
6.513
6.286
5.848
5.032
5.441
5.880
5.818
5.170
4.322
5.759
5.266
6.732
7.264
7.699
8.356
7.758
7.775
7.316
7.334
6.486
4.909
4.631
4.602
4.288
2.856
2.670
2.382
2.762
3.292
1.726
2.622
2.482
2.699
2.780
3.467
5.086
5.561
5.307
6.636
6.658
6.592
7.513
8.168
7.604
7.146
6.441
6.046
5.572
6.735
7.610
7.976
7.267
7.989
6.796
7.638
7.233
7.156
6.256
4.117
4.610
3.981
2.206
1.638
0.692
1.625
1.417
0.742
1.280
1.674
1.792
3.665
3.191
5.186
5.720
5.924
7.094
6.779
6.595
8.040
7.557
8.556
