-1.73
-2.01
-2.54
-1.52
-0.82 
0.021
1.040
1.817
3.365
4.944
6.395
7.779
10.14 
9.159
9.696
11.67
12.13
12.66
14.22
13.57
14.68
14.43
13.83
15.31
15.78
15.30
14.63
15.07
15.35
16.87
16.56
16.71
16.18
16.18
13.90
14.52
11.75
10.70
6.590
3.743
1.709
-0.24
-2.49
-6.30
-6.08
-5.70
-4.56
-1.20
0.491
5.494
9.291
14.78
18.57
21.34
24.65
23.12
23.43
21.17
18.57
16.45
14.75
11.63
9.295
7.365
6.036
6.565
4.064
3.134
2.481
2.233
1.247
0.763
1.159
2.020
4.446
7.180
9.399
11.22
11.79
13.62
13.35
12.92
13.76
13.53
14.24
14.42
15.14
13.79
14.19
12.22
11.27
8.750
8.538
7.510
6.444
6.481
6.408
5.526
5.456
5.609
5.968
6.793
8.770
8.499
8.447
9.649
10.80
11.51
12.95
12.50
13.67
13.12
13.73
14.01
14.28
12.46
12.65
11.63
12.04
11.15
10.79
11.27
9.111
8.433
8.911
8.283
7.511
5.786
5.282
3.372
2.817
0.973
0.493
0.453
0.696
0.513
0.359
0.374
1.135
1.135
2.089
2.891
3.707
4.387
4.397
6.686
6.220
6.498
8.389
8.004
8.961
8.797
9.313
8.348
8.204
8.407
7.641
7.877
5.955
5.260
5.253
4.369
3.985
2.097
2.683
2.768
2.736
2.618
1.564
1.599
2.466
3.223
3.790
5.006
5.970
6.513
6.286
5.848
5.032
5.441
5.880
5.818
5.170
4.322
5.759
5.266
6.732
7.264
7.699
8.356
7.758
7.775
7.316
7.334
6.486
4.909
4.631
4.602
4.288
2.856
2.670
2.382
2.762
3.292
1.726
2.622
2.482
2.699
2.780
3.467
5.086
5.561
5.307
6.636
6.658
6.592
7.513
8.168
7.604
7.146
6.441
6.046
5.572
6.735
7.610
7.976
7.267
7.989
6.796
7.638
7.233
7.156
6.256
4.117
4.610
3.981
2.206
1.638
0.692
1.625
1.417
0.742
1.280
1.674
1.792
3.665
3.191
5.186
5.720
5.924
7.094
6.779
6.595
8.040
7.557
8.556
-1.73
-2.01
-2.54
-1.52
-0.82 
0.021
1.040
1.817
3.365
4.944
6.395
7.779
10.14 
9.159
9.696
11.67
12.13
12.66
14.22
13.57
14.68
14.43
13.83
15.31
15.78
15.30
14.63
15.07
15.35
16.87
16.56
16.71
16.18
16.18
13.90
14.52
11.75
10.70
6.590
3.743
1.709
-0.24
-2.49
-6.30
-6.08
-5.70
-4.56
-1.20
0.491
5.494
9.291
14.78
18.57
21.34
24.65
23.12
23.43
21.17
18.57
16.45
14.75
11.63
9.295
7.365
6.036
6.565
4.064
3.134
2.481
2.233
1.247
0.763
1.159
2.020
4.446
7.180
9.399
11.22
11.79
13.62
13.35
12.92
13.76
13.53
14.24
10.42
10.14
10.79
10.19
10.22
10.27
10.75
10.53
10.51
10.44
10.48
16.40
15.52
15.45
15.60
15.96
16.79
18.77
18.49
18.44
19.64
10.80
11.51
12.95
12.50
13.67
13.12
13.73
14.01
14.28
12.46
12.65
11.63
12.04
11.15
10.79
11.27
10.11
10.43
10.91
10.28
10.51
10.78
10.28
10.37
10.81
10.97
10.49
10.45
10.69
10.51
20.35
20.37
20.13
20.13
20.08
20.89
20.70
20.38
20.39
20.68
20.22
6.498
8.389
8.004
8.961
8.797
9.313
8.348
8.204
8.407
7.641
7.877
5.955
5.260
5.253
4.369
3.985
2.097
2.683
2.768
2.736
2.618
1.564
1.599
2.466
3.223
3.790
5.006
5.970
6.513
6.286
5.848
5.032
5.441
5.880
5.818
5.170
4.322
5.759
5.266
6.732
7.264
7.699
8.356
7.758
7.775
7.316
7.334
6.486
4.909
4.631
4.602
4.288
2.856
2.670
2.382
2.762
3.292
1.726
2.622
2.482
2.699
2.780
3.467
5.086
5.561
5.307
6.636
6.658
6.592
7.513
8.168
7.604
7.146
6.441
6.046
5.572
6.735
7.610
7.976
7.267
7.989
6.796
7.638
7.233
7.156
6.256
4.117
4.610
3.981
2.206
1.638
0.692
1.625
1.417
0.742
1.280
5.674
50.72
50.65
50.11
50.16
50.70
50.94
50.04
50.79
50.55
50.00
50.57
50.56
50.73
50.01
50.54
50.52
50.82 
50.01
50.00
50.87
50.35
50.94
50.35
50.79
50.14 
50.19
50.66
51.67
52.13
52.66
54.22
53.57
54.68
54.43
53.83
55.31
55.78
55.30
54.63
55.07
55.35
56.87
56.56
56.71
56.18
56.18
13.90
14.52
11.75
20.70
20.59
20.73
20.79
20.24
20.49
20.30
20.08
20.70
20.56
20.20
20.41
20.44
20.21
24.78
28.57
21.34
24.65
23.12
23.43
21.17
28.57
26.45
24.75
21.63
20.25
20.35
20.06
20.55
20.04
20.14
20.41
20.23
20.27
20.73
20.19
20.00
20.46
20.10
20.39
11.22
11.79
13.62
13.35
12.92
13.76
13.53
14.24
14.42
15.14
13.79
14.19
12.22
11.27
30.70
30.58
30.50
30.44
30.41
30.48
30.56
30.46
30.69
30.98
30.73
30.70
30.49
30.47
30.69
10.80
11.51
12.95
12.50
13.67
13.12
13.73
14.01
14.28
12.46
12.65
11.63
12.04
11.15
10.79
11.27
59.11
58.33
58.11
28.83
27.11
25.86
25.82
23.72
22.17
20.73
20.93
20.53
20.96
20.13
20.59
20.74
21.35
21.35
22.89
22.91
23.07
24.87
24.97
26.86
26.20
26.48
28.39
28.04
28.91
28.77
29.33
28.38
28.24
28.47
27.61
27.87
25.95
25.20
25.23
24.39
23.95
22.07
22.63
22.78
22.76
22.68
21.54
21.59
22.46
23.23
23.70
25.06
25.90
26.53
26.26
25.88
25.02
25.41
25.80
25.88
25.10
24.32
25.79
25.26
26.72
27.24
27.69
28.36
27.78
27.75
27.36
27.34
26.46
24.99
24.61
24.62
24.28
22.86
22.60
22.32
22.72
23.22
21.76
22.62
22.42
22.69
22.70
23.47
25.06
25.51
25.37
26.66
26.68
26.52
27.53
28.18
27.64
27.16
26.41
26.46
25.52
26.75
27.60
27.96
27.27
27.99
26.76
27.68
27.23
27.16
26.26
24.17
24.60
23.91
22.26
21.68
20.62
21.65
21.47
20.72
21.20
21.64
21.72
23.65
23.11
25.16
25.70
25.94
27.04
26.79
26.55
28.00
27.57
28.56
21.73
22.01
22.54
21.52
20.82 
20.01
21.00
21.87
23.35
24.94
26.35
27.79
20.45 
29.19
29.66
21.67
22.13
22.66
24.22
23.57
24.68
24.43
23.83
25.31
25.78
25.30
24.63
25.07
25.35
26.87
26.56
26.71
26.18
26.18
23.90
24.52
21.75
20.70
26.90
23.43
21.09
20.24
22.49
26.30
26.08
25.70
24.56
21.20
20.41
25.44
29.21
21.28
21.27
22.24
22.25
22.22
22.23
22.27
21.27
21.25
21.25
21.23
29.25
27.35
26.06
26.55
24.04
23.14
22.41
22.23
21.27
20.73
21.19
22.00
24.46
27.10
29.39
21.22
21.79
21.62
21.35
21.92
21.76
21.53
21.24
21.42
21.14
21.79
21.19
21.22
21.27
21.75
21.53
21.51
21.44
21.48
21.40
21.52
21.45
21.60
21.96
21.79
21.77
21.49
21.44
21.64
21.80
21.51
21.95
21.50
21.67
21.12
21.73
21.01
21.28
21.46
21.65
21.63
21.04
21.15
21.79
21.27
21.11
21.43
21.91
21.28
21.51
21.78
21.28
21.37
21.81
21.97
21.49
21.45
21.69
21.51
22.35
22.37
22.13
22.13
22.08
22.89
22.70
22.38
22.39
22.68
22.22
26.48
28.39
28.04
28.91
28.77
29.33
28.38
28.24
28.47
27.61
27.87
25.95
25.20
25.23
24.39
23.95
22.07
22.63
22.78
22.76
22.68
21.54
21.59
22.46
23.23
23.70
25.06
25.90
26.53
26.26
25.88
25.02
25.41
25.80
25.88
25.10
24.32
25.79
25.26
26.72
27.24
27.69
28.36
27.78
27.75
27.36
27.34
26.46
24.99
24.61
24.62
24.28
22.86
22.60
22.32
22.72
23.22
21.76
22.62
22.42
22.69
22.70
23.47
25.06
25.51
25.37
26.66
26.68
26.52
27.53
28.18
27.64
27.16
26.41
26.06
25.52
26.75
27.60
27.96
27.27
27.99
26.76
27.68
27.23
27.16
26.26
24.17
24.60
23.91
22.26
21.68
20.62
21.65
21.47
20.72
21.20
21.64
21.72
23.65
23.11
25.16
25.70
25.94
27.04
26.79
26.55
28.00
27.57
28.56
21.73
22.01
22.54
21.52
20.82 
20.01
21.00
21.87
23.35
24.94
26.35
27.79
20.14 
29.19
29.66
21.67
21.13
21.66
21.22
21.57
21.68
21.43
21.83
21.31
21.78
21.30
21.63
21.07
21.35
21.87
21.56
21.71
21.18
21.18
21.90
21.52
21.75
21.70
26.50
23.73
21.79
20.24
22.49
26.30
26.08
25.70
24.56
21.20
20.41
25.44
29.21
21.78
21.57
22.34
22.65
22.12
22.43
22.17
21.57
21.45
21.75
21.63
29.25
27.35
26.06
26.55
24.04
23.14
22.41
22.23
21.27
20.73
21.19
22.00
24.46
27.10
29.39
21.22
21.79
21.62
21.35
21.92
21.76
21.53
21.24
21.42
21.14
21.79
21.19
21.22
21.27
28.70
28.58
27.50
26.44
26.41
26.48
25.56
25.46
25.69
25.98
26.73
28.70
28.49
28.47
29.69
21.80
21.51
21.95
21.50
21.67
21.12
21.73
21.01
21.28
21.46
21.65
21.63
21.04
21.15
21.79
21.27
29.11
28.33
28.11
28.83
27.11
25.86
25.82
23.72
22.17
20.73
20.93
20.53
20.96
20.13
20.59
20.74
21.35
21.35
22.89
22.91
23.07
24.87
24.97
26.86
26.20
26.98
28.89
28.04
28.61
28.97
29.13
28.48
28.04
28.07
27.41
27.77
25.55
25.60
25.53
24.69
23.85
22.97
22.83
22.68
22.36
22.18
21.64
21.99
22.66
23.23
23.90
25.06
25.70
26.13
26.86
25.48
25.32
25.41
25.80
25.18
25.70
24.22
25.59
25.66
26.32
27.64
27.99
28.56
27.58
27.75
27.16
27.34
26.86
24.09
24.31
24.02
24.88
22.56
22.70
22.82
22.62
23.92
21.26
22.22
22.82
22.99
22.80
23.67
25.86
25.61
25.07
26.36
26.58
26.92
27.13
28.68
27.04
27.46
26.41
26.46
25.72
26.35
27.10
27.76
27.67
27.89
26.96
27.38
27.33
27.56
26.56
24.17
24.10
23.81
22.06
21.38
20.92
21.25
21.17
20.42
21.80
21.74
21.92
23.65
23.91
25.86
25.20
25.24
27.94
26.79
26.95
28.40
27.57
28.56
21.73
22.01
22.54
21.52
20.82 
20.21
21.40
21.17
23.65
24.44
26.95
27.79
21.14 
29.19
29.66
21.67
21.13
21.66
21.22
21.57
21.68
21.43
21.83
21.31
21.78
21.30
21.63
21.07
21.35
21.87
21.56
21.71
21.18
21.18
21.90
21.52
21.75
21.70
26.50
23.73
21.79
20.24
22.49
26.30
26.08
25.70
24.56
21.20
20.41
25.44
29.21
21.78
21.57
22.34
22.65
22.12
22.43
22.17
21.57
21.45
21.75
21.63
29.25
27.35
26.06
26.55
24.04
23.14
22.41
22.23
21.27
20.73
21.19
22.00
24.46
27.10
29.39
21.22
21.79
21.62
21.35
21.92
21.76
21.53
21.24
21.42
21.14
21.79
21.19
21.22
21.27
21.75
21.53
21.51
21.44
21.48
21.40
21.52
21.45
21.60
21.96
21.79
21.77
21.49
21.44
21.64
21.80
21.51
21.95
21.50
21.67
21.12
21.73
21.01
21.28
21.46
21.65
21.63
21.04
21.15
21.79
21.27
21.11
21.43
21.91
21.28
21.51
21.78
21.28
21.37
21.81
21.97
21.49
21.45
21.69
21.51
22.35
22.37
22.13
22.13
22.08
22.89
22.70
22.38
22.39
22.68
22.22
26.48
28.39
28.04
28.91
28.77
29.33
28.38
28.24
28.47
27.61
27.87
25.95
25.20
25.23
24.39
23.95
22.07
22.63
22.78
22.76
22.68
21.54
21.59
22.46
23.23
23.70
25.06
25.90
26.53
26.26
25.88
25.02
25.41
25.80
25.88
25.10
24.32
25.79
25.26
26.72
27.24
27.69
28.36
27.78
27.75
27.36
27.34
26.46
24.99
24.61
24.62
24.28
22.86
22.60
22.32
22.72
23.22
21.76
22.62
22.42
22.69
22.70
23.47
25.06
25.51
25.37
26.66
26.68
26.52
27.53
28.18
27.64
27.16
6.441
6.046
5.572
6.735
7.610
7.976
7.267
7.989
6.796
7.638
7.233
7.156
6.256
4.117
4.610
3.981
2.206
1.638
0.692
1.625
1.417
0.742
1.280
1.674
1.792
3.665
3.191
5.186
5.720
5.924
7.094
6.779
6.595
8.040
7.557
8.556
-1.73
-2.01
-2.54
-1.52
-0.82 
0.021
1.040
1.817
3.365
4.944
6.395
7.779
10.14 
9.159
9.696
11.67
12.13
12.66
14.22
13.57
14.68
14.43
13.83
15.31
15.78
15.30
14.63
15.07
15.35
16.87
16.56
16.71
16.18
16.18
13.90
14.52
11.75
10.70
6.590
3.743
1.709
-0.24
-2.49
-6.30
-6.08
-5.70
-4.56
-1.20
0.491
5.494
9.291
14.78
18.57
21.34
24.65
23.12
23.43
21.17
18.57
16.45
14.75
11.63
9.295
7.365
6.036
6.565
4.064
3.134
2.481
2.233
1.247
0.763
1.159
2.020
4.446
7.180
9.399
11.22
11.79
13.62
13.35
12.92
13.76
13.53
14.24
14.42
15.14
13.79
14.19
12.22
11.27
8.750
8.538
7.510
6.444
6.481
6.408
5.526
5.456
5.609
5.968
6.793
8.770
8.499
8.447
9.649
10.80
11.51
12.95
12.50
13.67
13.12
13.73
14.01
14.28
12.46
12.65
11.63
12.04
11.15
10.79
11.27
9.111
8.433
8.911
8.283
7.511
5.786
5.282
3.372
2.817
0.973
0.493
0.453
0.696
0.513
0.359
0.374
1.135
1.135
2.089
2.891
3.707
4.387
4.397
6.686
6.220
6.498
8.389
8.004
8.961
8.797
9.313
8.348
8.204
8.407
7.641
7.877
5.955
5.260
5.253
4.369
3.985
2.097
2.683
2.768
2.736
2.618
1.564
1.599
2.466
3.223
3.790
5.006
5.970
6.513
6.286
5.848
5.032
5.441
5.880
5.818
5.170
4.322
5.759
5.266
6.732
7.264
7.699
8.356
7.758
7.775
7.316
7.334
6.486
4.909
4.631
4.602
4.288
2.856
2.670
2.382
2.762
3.292
1.726
2.622
2.482
2.699
2.780
3.467
5.086
5.561
5.307
6.636
6.658
6.592
7.513
8.168
7.604
7.146
6.441
6.046
5.572
6.735
7.610
7.976
7.267
7.989
6.796
7.638
7.233
7.156
6.256
4.117
4.610
3.981
2.206
1.638
0.692
1.625
1.417
0.742
1.280
1.674
1.792
3.665
3.191
5.186
5.720
5.924
7.094
6.779
6.595
8.040
7.557
8.556
-1.73
-2.01
-2.54
-1.52
-0.82 
0.021
1.040
1.817
3.365
4.944
6.395
7.779
10.14 
9.159
9.696
11.67
12.13
12.66
14.22
13.57
14.68
14.43
13.83
15.31
15.78
15.30
14.63
15.07
15.35
16.87
16.56
16.71
16.18
16.18
13.90
14.52
11.75
10.70
6.590
3.743
1.709
-0.24
-2.49
-6.30
-6.08
-5.70
-4.56
-1.20
0.491
5.494
9.291
14.78
18.57
21.34
24.65
23.12
23.43
21.17
18.57
16.45
14.75
11.63
9.295
7.365
6.036
6.565
4.064
3.134
2.481
2.233
1.247
0.763
1.159
2.020
4.446
7.180
9.399
11.22
11.79
13.62
13.35
12.92
13.76
13.53
14.24
10.42
10.14
10.79
10.19
10.22
10.27
10.75
10.53
10.51
10.44
10.48
16.40
15.52
15.45
15.60
15.96
16.79
18.77
18.49
18.44
19.64
10.80
11.51
12.95
12.50
13.67
13.12
13.73
14.01
14.28
12.46
12.65
11.63
12.04
11.15
10.79
11.27
10.11
10.43
10.91
10.28
10.51
10.78
10.28
10.37
10.81
10.97
10.49
10.45
10.69
10.51
20.35
20.37
20.13
20.13
20.08
20.89
20.70
20.38
20.39
20.68
20.22
6.498
8.389
8.004
8.961
8.797
9.313
8.348
8.204
8.407
7.641
7.877
5.955
5.260
5.253
4.369
3.985
2.097
2.683
2.768
2.736
2.618
1.564
1.599
2.466
3.223
3.790
5.006
5.970
6.513
6.286
5.848
5.032
5.441
5.880
5.818
5.170
4.322
5.759
5.266
6.732
7.264
7.699
8.356
7.758
7.775
7.316
7.334
6.486
4.909
4.631
4.602
4.288
2.856
2.670
2.382
2.762
3.292
1.726
2.622
2.482
2.699
2.780
3.467
5.086
5.561
5.307
6.636
6.658
6.592
7.513
8.168
7.604
7.146
6.441
6.046
5.572
6.735
7.610
7.976
7.267
7.989
6.796
7.638
7.233
7.156
6.256
4.117
4.610
3.981
2.206
1.638
0.692
1.625
1.417
0.742
1.280
1.674
1.792
3.665
3.191
5.186
5.720
5.924
7.094
6.779
6.595
8.040
7.557
8.556
