-1.73
-2.01
-2.54
-1.52
-0.82 
0.021
1.040
1.817
3.365
4.944
6.395
7.779
10.14 
9.159
9.696
11.67
12.13
12.66
14.22
13.57
14.68
14.43
13.83
15.31
15.78
15.30
14.63
15.07
15.35
16.87
16.56
16.71
16.18
16.18
13.90
14.52
11.75
10.70
6.590
3.743
1.709
-0.24
-2.49
-6.30
-6.08
-5.70
-4.56
-1.20
0.491
5.494
9.291
14.78
18.57
21.34
24.65
23.12
23.43
21.17
18.57
16.45
14.75
11.63
9.295
7.365
6.036
6.565
4.064
3.134
2.481
2.233
1.247
0.763
1.159
2.020
4.446
7.180
9.399
11.22
11.79
13.62
13.35
12.92
13.76
13.53
14.24
14.42
15.14
13.79
14.19
12.22
11.27
8.750
8.538
7.510
6.444
6.481
6.408
5.526
5.456
5.609
5.968
6.793
8.770
8.499
8.447
9.649
10.80
11.51
12.95
12.50
13.67
13.12
13.73
14.01
14.28
12.46
12.65
11.63
12.04
11.15
10.79
11.27
9.111
8.433
8.911
8.283
7.511
5.786
5.282
3.372
2.817
0.973
0.493
0.453
0.696
0.513
0.359
0.374
1.135
1.135
2.089
2.891
3.707
4.387
4.397
6.686
6.220
6.498
8.389
8.004
8.961
8.797
9.313
8.348
8.204
8.407
7.641
7.877
5.955
5.260
5.253
4.369
3.985
2.097
2.683
2.768
2.736
2.618
1.564
1.599
2.466
3.223
3.790
5.006
5.970
6.513
6.286
5.848
5.032
5.441
5.880
5.818
5.170
4.322
5.759
5.266
6.732
7.264
7.699
8.356
7.758
7.775
7.316
7.334
6.486
4.909
4.631
4.602
4.288
2.856
2.670
2.382
2.762
3.292
1.726
2.622
2.482
2.699
2.780
3.467
5.086
5.561
5.307
6.636
6.658
6.592
7.513
8.168
7.604
7.146
6.441
6.046
5.572
6.735
7.610
7.976
7.267
7.989
6.796
7.638
7.233
7.156
6.256
4.117
4.610
3.981
2.206
1.638
0.692
1.625
1.417
0.742
1.280
1.674
1.792
3.665
3.191
5.186
5.720
5.924
7.094
6.779
6.595
8.040
7.557
8.556
-1.73
-2.01
-2.54
-1.52
-0.82 
0.021
1.040
1.817
3.365
4.944
6.395
7.779
10.14 
9.159
9.696
11.67
12.13
12.66
14.22
13.57
14.68
14.43
13.83
15.31
15.78
15.30
14.63
15.07
15.35
16.87
16.56
16.71
16.18
16.18
13.90
14.52
11.75
10.70
6.590
3.743
1.709
-0.24
-2.49
-6.30
-6.08
-5.70
-4.56
-1.20
0.491
5.494
9.291
14.78
18.57
21.34
24.65
23.12
23.43
21.17
18.57
16.45
14.75
11.63
9.295
7.365
6.036
6.565
4.064
3.134
2.481
2.233
1.247
0.763
1.159
2.020
4.446
7.180
9.399
11.22
11.79
53.62
53.35
52.92
53.76
53.53
54.24
54.42
55.14
53.79
54.19
52.22
51.27
58.75
58.53
57.51
56.44
56.48
26.40
25.52
25.45
25.60
25.96
26.79
28.77
28.49
28.44
29.64
20.80
21.51
22.95
22.50
23.67
23.12
23.73
24.01
24.28
22.46
22.65
21.63
22.04
51.15
50.79
51.27
9.111
8.433
8.911
8.283
7.511
5.786
5.282
3.372
2.817
0.973
0.493
0.453
0.696
0.513
0.359
0.374
1.135
1.135
2.089
2.891
3.707
4.387
4.397
6.686
6.220
6.498
8.389
8.004
8.961
8.797
9.313
8.348
8.204
8.407
7.641
7.877
5.955
5.260
5.253
4.369
3.985
2.097
2.683
2.768
2.736
2.618
1.564
1.599
2.466
3.223
3.790
5.006
5.970
6.513
6.286
5.848
5.032
5.441
5.880
5.818
5.170
4.322
5.759
5.266
6.732
7.264
7.699
8.356
7.758
7.775
7.316
7.334
6.486
4.909
4.631
4.602
4.288
2.856
2.670
2.382
2.762
3.292
1.726
2.622
2.482
2.699
2.780
3.467
5.086
5.561
5.307
6.636
6.658
6.592
7.513
8.168
7.604
7.146
6.441
6.046
5.572
6.735
7.610
7.976
7.267
7.989
6.796
7.638
7.233
7.156
6.256
4.117
4.610
3.981
2.206
1.638
0.692
1.625
1.417
0.742
1.280
1.674
1.792
3.665
3.191
5.186
5.720
5.924
7.094
6.779
6.595
8.040
7.557
8.556
