-1.73
-2.01
-2.54
-1.52
-0.82 
0.021
1.040
1.817
3.365
4.944
6.395
7.779
10.14 
9.159
9.696
11.67
12.13
12.66
14.22
13.57
14.68
14.43
13.83
15.31
15.78
15.30
14.63
15.07
15.35
16.87
16.56
16.71
16.18
16.18
13.90
14.52
11.75
10.70
6.590
3.743
1.709
-0.24
-2.49
-6.30
-6.08
-5.70
-4.56
-1.20
0.491
5.494
9.291
14.78
18.57
21.34
24.65
23.12
23.43
21.17
18.57
16.45
14.75
11.63
9.295
7.365
6.036
6.565
4.064
3.134
2.481
2.233
1.247
0.763
1.159
2.020
4.446
7.180
9.399
11.22
11.79
13.62
13.35
12.92
13.76
13.53
14.24
14.42
15.14
13.79
14.19
12.22
11.27
8.750
8.538
7.510
6.444
6.481
6.408
5.526
5.456
5.609
5.968
6.793
8.770
8.499
8.447
9.649
10.80
11.51
12.95
12.50
13.67
13.12
13.73
14.01
14.28
12.46
12.65
11.63
12.04
11.15
10.79
11.27
9.111
8.433
8.911
8.283
7.511
5.786
5.282
3.372
2.817
0.973
0.493
0.453
0.696
0.513
0.359
0.374
1.135
1.135
2.089
2.891
3.707
4.387
4.397
6.686
6.220
6.498
8.389
8.004
8.961
8.797
9.313
8.348
8.204
8.407
7.641
7.877
5.955
5.260
5.253
4.369
3.985
2.097
2.683
2.768
2.736
2.618
1.564
1.599
2.466
3.223
3.790
5.006
5.970
6.513
6.286
5.848
5.032
5.441
5.880
5.818
5.170
4.322
5.759
5.266
6.732
7.264
7.699
8.356
7.758
7.775
7.316
7.334
6.486
4.909
4.631
4.602
4.288
2.856
2.670
2.382
2.762
3.292
1.726
2.622
2.482
2.699
2.780
3.467
5.086
5.561
5.307
6.636
6.658
6.592
7.513
8.168
7.604
7.146
6.441
6.046
5.572
6.735
7.610
7.976
7.267
7.989
6.796
7.638
7.233
7.156
6.256
4.117
4.610
3.981
2.206
1.638
0.692
1.625
1.417
0.742
1.280
1.674
1.792
3.665
3.191
5.186
5.720
5.924
7.094
6.779
6.595
8.040
7.557
8.556
-1.73
-2.01
-2.54
-1.52
-0.82 
0.021
1.040
1.817
3.365
4.944
6.395
7.779
10.14 
9.159
9.696
11.67
12.13
12.66
14.22
13.57
14.68
14.43
13.83
15.31
15.78
15.30
14.63
15.07
15.35
16.87
16.56
16.71
16.18
16.18
13.90
14.52
11.75
10.70
6.590
3.743
1.709
-0.24
-2.49
-6.30
-6.08
-5.70
-4.56
-1.20
0.491
5.494
9.291
14.78
18.57
21.34
24.65
23.12
23.43
21.17
18.57
16.45
14.75
11.63
9.295
7.365
6.036
6.565
4.064
3.134
2.481
2.233
1.247
0.763
1.159
2.020
4.446
7.180
9.399
11.22
11.79
13.62
13.35
12.92
13.76
13.53
14.24
10.42
10.14
10.79
10.19
10.22
10.27
10.75
10.53
10.51
10.44
10.48
16.40
15.52
15.45
15.60
15.96
16.79
18.77
18.49
18.44
19.64
10.80
11.51
12.95
12.50
13.67
13.12
13.73
14.01
14.28
12.46
12.65
11.63
12.04
11.15
10.79
11.27
10.11
10.43
10.91
10.28
10.51
10.78
10.28
10.37
10.81
10.97
10.49
10.45
10.69
10.51
20.35
20.37
20.13
20.13
20.08
20.89
20.70
20.38
20.39
20.68
20.22
6.498
8.389
8.004
8.961
8.797
9.313
8.348
8.204
8.407
7.641
7.877
5.955
5.260
5.253
4.369
3.985
2.097
2.683
2.768
2.736
2.618
1.564
1.599
2.466
3.223
3.790
5.006
5.970
6.513
6.286
5.848
5.032
5.441
5.880
5.818
5.170
4.322
5.759
5.266
6.732
7.264
7.699
8.356
7.758
7.775
7.316
7.334
6.486
4.909
4.631
4.602
4.288
2.856
2.670
2.382
2.762
3.292
1.726
2.622
2.482
2.699
2.780
3.467
5.086
5.561
5.307
6.636
6.658
6.592
7.513
8.168
7.604
7.146
6.441
6.046
5.572
6.735
7.610
7.976
7.267
7.989
6.796
7.638
7.233
7.156
6.256
4.117
4.610
3.981
2.206
1.638
0.692
1.625
1.417
0.742
1.280
5.674
50.72
50.65
50.11
50.16
50.70
50.94
50.04
50.79
50.55
50.00
50.57
50.56
50.73
50.01
50.54
50.52
50.82 
50.01
50.00
50.87
50.35
50.94
50.35
50.79
50.14 
50.19
50.66
51.67
52.13
52.66
54.22
53.57
54.68
54.43
53.83
55.31
55.78
55.30
54.63
55.07
55.35
56.87
56.56
56.71
56.18
56.18
13.90
14.52
11.75
10.70
60.59
30.73
10.79
00.24
20.49
60.30
60.08
50.70
40.56
10.20
50.41
50.44
90.21
14.78
18.57
21.34
24.65
23.12
23.43
21.17
18.57
16.45
14.75
11.63
90.25
70.35
60.06
60.55
40.04
30.14
20.41
20.23
10.27
00.73
10.19
20.00
40.46
70.10
90.39
11.22
11.79
13.62
13.35
12.92
13.76
13.53
14.24
14.42
15.14
13.79
14.19
12.22
11.27
80.70
80.58
70.50
60.44
60.41
60.48
50.56
50.46
50.69
50.98
60.73
80.70
80.49
80.47
90.69
10.80
11.51
12.95
12.50
13.67
13.12
13.73
14.01
14.28
12.46
12.65
11.63
12.04
11.15
10.79
11.27
59.11
58.33
58.11
58.83
57.11
55.86
55.82
53.72
52.17
50.73
50.93
50.53
50.96
50.13
50.59
50.74
51.35
51.35
52.89
52.91
53.07
54.87
54.97
56.86
56.20
56.48
58.39
58.04
58.91
58.77
59.33
58.38
58.24
58.47
57.61
57.87
55.95
55.20
55.23
54.39
53.95
52.07
52.63
52.78
52.76
52.68
51.54
51.59
52.46
53.23
53.70
55.06
55.90
56.53
56.26
55.88
55.02
55.41
55.80
55.88
55.10
54.32
55.79
55.26
56.72
57.24
57.69
58.36
57.78
57.75
57.36
57.34
56.46
54.99
54.61
54.62
54.28
52.86
52.60
52.32
52.72
53.22
51.76
52.62
52.42
52.69
52.70
53.47
55.06
55.51
55.37
56.66
56.68
56.52
57.53
58.18
57.64
57.16
56.41
56.046
55.52
56.75
57.60
57.96
57.27
57.99
56.76
57.68
57.23
57.16
56.26
54.17
54.60
53.91
52.26
51.68
50.62
51.65
51.47
50.72
51.20
51.64
51.72
53.65
53.11
55.16
55.70
55.94
57.04
56.79
56.55
58.00
57.57
58.56
51.73
52.01
52.54
51.52
50.82 
50.01
51.00
51.87
53.35
54.94
56.35
57.79
510.4 
59.19
59.66
51.67
52.13
52.66
54.22
53.57
54.68
54.43
53.83
55.31
55.78
55.30
54.63
55.07
55.35
56.87
56.56
56.71
56.18
56.18
53.90
54.52
51.75
50.70
56.90
53.43
51.09
50.24
52.49
56.30
56.08
55.70
54.56
51.20
50.41
55.44
59.21
51.28
51.27
52.24
52.25
52.22
52.23
52.27
51.27
51.25
51.25
51.23
59.25
57.35
56.06
56.55
54.04
53.14
52.41
52.23
51.27
50.73
51.19
52.00
54.46
57.10
59.39
51.22
51.79
51.62
51.35
51.92
51.76
51.53
51.24
51.42
51.14
51.79
51.19
51.22
51.27
51.75
51.53
51.51
51.44
51.48
51.40
51.52
51.45
51.60
51.96
51.79
51.77
51.49
51.44
51.64
51.80
51.51
51.95
51.50
51.67
51.12
51.73
51.01
51.28
51.46
51.65
51.63
51.04
51.15
51.79
51.27
51.11
51.43
51.91
51.28
51.51
51.78
51.28
51.37
51.81
51.97
51.49
51.45
51.69
51.51
52.35
52.37
52.13
52.13
52.08
52.89
52.70
52.38
52.39
52.68
52.22
56.48
58.39
58.04
58.91
58.77
59.33
58.38
58.24
58.47
57.61
57.87
55.95
55.20
55.23
54.39
53.95
52.07
52.63
52.78
52.76
52.68
51.54
51.59
52.46
53.23
53.70
55.06
55.90
56.53
56.26
55.88
55.02
55.41
55.80
55.88
55.10
54.32
55.79
55.26
56.72
57.24
57.69
58.36
57.78
57.75
57.36
57.34
56.46
54.99
54.61
54.62
54.28
52.86
52.60
52.32
52.72
53.22
51.76
52.62
52.42
52.69
52.70
53.47
55.06
55.51
55.37
56.66
56.68
56.52
57.53
58.18
57.64
57.16
56.41
56.06
55.52
56.75
57.60
57.96
57.27
57.99
56.76
57.68
57.23
57.16
56.26
54.17
54.60
53.91
52.26
51.68
50.62
51.65
51.47
50.72
51.20
51.64
51.72
53.65
53.11
55.16
55.70
55.94
57.04
56.79
56.55
58.00
57.57
58.56
51.73
52.01
52.54
51.52
50.82 
50.01
51.00
51.87
53.35
54.94
56.35
57.79
50.14 
59.19
59.66
51.67
51.13
51.66
51.22
51.57
51.68
51.43
51.83
51.31
51.78
51.30
51.63
51.07
51.35
51.87
51.56
51.71
51.18
51.18
51.90
51.52
51.75
51.70
56.50
53.73
51.79
50.24
52.49
56.30
56.08
55.70
54.56
51.20
50.41
55.44
59.21
51.78
51.57
52.34
52.65
52.12
52.43
52.17
51.57
51.45
51.75
51.63
59.25
57.35
56.06
56.55
54.04
53.14
52.41
52.23
51.27
50.73
51.19
52.00
54.46
57.10
59.39
51.22
51.79
51.62
51.35
51.92
51.76
51.53
51.24
51.42
51.14
51.79
51.19
51.22
51.27
58.70
58.58
57.50
56.44
56.41
56.48
55.56
55.46
55.69
55.98
56.73
58.70
58.49
58.47
59.69
51.80
51.51
51.95
51.50
51.67
51.12
51.73
51.01
51.28
51.46
51.65
51.63
51.04
51.15
51.79
51.27
59.11
58.33
58.11
58.83
57.11
55.86
55.82
53.72
52.17
50.73
50.93
50.53
50.96
50.13
50.59
50.74
51.35
51.35
52.89
52.91
53.07
54.87
54.97
56.86
56.20
56.98
58.89
58.04
58.61
58.97
59.13
58.48
58.04
58.07
57.41
57.77
55.55
55.60
55.53
54.69
53.85
52.97
52.83
52.68
52.36
52.18
51.64
51.99
52.66
53.23
53.90
55.06
55.70
56.13
56.86
55.48
55.32
55.41
55.80
55.18
55.70
54.22
55.59
55.66
56.32
57.64
57.99
58.56
57.58
57.75
57.16
57.34
56.86
54.09
54.31
54.02
54.88
52.56
52.70
52.82
52.62
53.92
51.26
52.22
52.82
52.99
52.80
53.67
55.86
55.61
55.07
56.36
56.58
56.92
57.13
58.68
57.04
57.46
56.41
56.46
55.72
56.35
57.10
57.76
57.67
57.89
56.96
57.38
57.33
57.56
56.56
54.17
54.10
53.81
52.06
51.38
50.92
51.25
51.17
50.42
51.80
51.74
51.92
53.65
53.91
55.86
55.20
55.24
57.94
56.79
56.95
58.40
57.57
58.56
51.73
52.01
52.54
51.52
50.82 
50.21
51.40
51.17
53.65
54.44
56.95
57.79
51.14 
59.19
59.66
51.67
51.13
51.66
51.22
51.57
51.68
51.43
51.83
51.31
51.78
51.30
51.63
51.07
51.35
51.87
51.56
51.71
51.18
51.18
51.90
51.52
51.75
51.70
56.50
53.73
51.79
50.24
52.49
56.30
56.08
55.70
54.56
51.20
50.41
55.44
59.21
51.78
51.57
52.34
52.65
52.12
52.43
52.17
51.57
51.45
51.75
51.63
59.25
57.35
56.06
56.55
54.04
53.14
52.41
52.23
51.27
50.73
51.19
52.00
54.46
57.10
59.39
51.22
51.79
51.62
51.35
51.92
51.76
51.53
51.24
51.42
51.14
51.79
51.19
51.22
51.27
51.75
51.53
51.51
51.44
51.48
51.40
51.52
51.45
51.60
51.96
51.79
51.77
51.49
51.44
51.64
51.80
51.51
51.95
51.50
51.67
51.12
51.73
51.01
51.28
51.46
51.65
51.63
51.04
51.15
51.79
51.27
51.11
51.43
51.91
51.28
51.51
51.78
51.28
51.37
51.81
51.97
51.49
51.45
51.69
51.51
52.35
52.37
52.13
52.13
52.08
52.89
52.70
52.38
52.39
52.68
52.22
56.48
58.39
58.04
58.91
58.77
59.33
58.38
58.24
58.47
57.61
57.87
55.95
55.20
55.23
54.39
53.95
52.07
52.63
52.78
52.76
52.68
51.54
51.59
52.46
53.23
53.70
55.06
55.90
56.53
56.26
55.88
55.02
55.41
55.80
55.88
55.10
54.32
55.79
55.26
56.72
57.24
57.69
58.36
57.78
57.75
57.36
57.34
56.46
54.99
54.61
54.62
54.28
52.86
52.60
52.32
52.72
53.22
51.76
52.62
52.42
52.69
52.70
53.47
55.06
55.51
55.37
56.66
56.68
56.52
57.53
58.18
57.64
57.16
6.441
6.046
5.572
6.735
7.610
7.976
7.267
7.989
6.796
7.638
7.233
7.156
6.256
4.117
4.610
3.981
2.206
1.638
0.692
1.625
1.417
0.742
1.280
1.674
1.792
3.665
3.191
5.186
5.720
5.924
7.094
6.779
6.595
8.040
7.557
8.556
-1.73
-2.01
-2.54
-1.52
-0.82 
0.021
1.040
1.817
3.365
4.944
6.395
7.779
10.14 
9.159
9.696
11.67
12.13
12.66
14.22
13.57
14.68
14.43
13.83
15.31
15.78
15.30
14.63
15.07
15.35
16.87
16.56
16.71
16.18
16.18
13.90
14.52
11.75
10.70
6.590
3.743
1.709
-0.24
-2.49
-6.30
-6.08
-5.70
-4.56
-1.20
0.491
5.494
9.291
14.78
18.57
21.34
24.65
23.12
23.43
21.17
18.57
16.45
14.75
11.63
9.295
7.365
6.036
6.565
4.064
3.134
2.481
2.233
1.247
0.763
1.159
2.020
4.446
7.180
9.399
11.22
11.79
13.62
13.35
12.92
13.76
13.53
14.24
14.42
15.14
13.79
14.19
12.22
11.27
8.750
8.538
7.510
6.444
6.481
6.408
5.526
5.456
5.609
5.968
6.793
8.770
8.499
8.447
9.649
10.80
11.51
12.95
12.50
13.67
13.12
13.73
14.01
14.28
12.46
12.65
11.63
12.04
11.15
10.79
11.27
9.111
8.433
8.911
8.283
7.511
5.786
5.282
3.372
2.817
0.973
0.493
0.453
0.696
0.513
0.359
0.374
1.135
1.135
2.089
2.891
3.707
4.387
4.397
6.686
6.220
6.498
8.389
8.004
8.961
8.797
9.313
8.348
8.204
8.407
7.641
7.877
5.955
5.260
5.253
4.369
3.985
2.097
2.683
2.768
2.736
2.618
1.564
1.599
2.466
3.223
3.790
5.006
5.970
6.513
6.286
5.848
5.032
5.441
5.880
5.818
5.170
4.322
5.759
5.266
6.732
7.264
7.699
8.356
7.758
7.775
7.316
7.334
6.486
4.909
4.631
4.602
4.288
2.856
2.670
2.382
2.762
3.292
1.726
2.622
2.482
2.699
2.780
3.467
5.086
5.561
5.307
6.636
6.658
6.592
7.513
8.168
7.604
7.146
6.441
6.046
5.572
6.735
7.610
7.976
7.267
7.989
6.796
7.638
7.233
7.156
6.256
4.117
4.610
3.981
2.206
1.638
0.692
1.625
1.417
0.742
1.280
1.674
1.792
3.665
3.191
5.186
5.720
5.924
7.094
6.779
6.595
8.040
7.557
8.556
-1.73
-2.01
-2.54
-1.52
-0.82 
0.021
1.040
1.817
3.365
4.944
6.395
7.779
10.14 
9.159
9.696
11.67
12.13
12.66
14.22
13.57
14.68
14.43
13.83
15.31
15.78
15.30
14.63
15.07
15.35
16.87
16.56
16.71
16.18
16.18
13.90
14.52
11.75
10.70
6.590
3.743
1.709
-0.24
-2.49
-6.30
-6.08
-5.70
-4.56
-1.20
0.491
5.494
9.291
14.78
18.57
21.34
24.65
23.12
23.43
21.17
18.57
16.45
14.75
11.63
9.295
7.365
6.036
6.565
4.064
3.134
2.481
2.233
1.247
0.763
1.159
2.020
4.446
7.180
9.399
11.22
11.79
13.62
13.35
12.92
13.76
13.53
14.24
10.42
10.14
10.79
10.19
10.22
10.27
10.75
10.53
10.51
10.44
10.48
16.40
15.52
15.45
15.60
15.96
16.79
18.77
18.49
18.44
19.64
10.80
11.51
12.95
12.50
13.67
13.12
13.73
14.01
14.28
12.46
12.65
11.63
12.04
11.15
10.79
11.27
10.11
10.43
10.91
10.28
10.51
10.78
10.28
10.37
10.81
10.97
10.49
10.45
10.69
10.51
20.35
20.37
20.13
20.13
20.08
20.89
20.70
20.38
20.39
20.68
20.22
6.498
8.389
8.004
8.961
8.797
9.313
8.348
8.204
8.407
7.641
7.877
5.955
5.260
5.253
4.369
3.985
2.097
2.683
2.768
2.736
2.618
1.564
1.599
2.466
3.223
3.790
5.006
5.970
6.513
6.286
5.848
5.032
5.441
5.880
5.818
5.170
4.322
5.759
5.266
6.732
7.264
7.699
8.356
7.758
7.775
7.316
7.334
6.486
4.909
4.631
4.602
4.288
2.856
2.670
2.382
2.762
3.292
1.726
2.622
2.482
2.699
2.780
3.467
5.086
5.561
5.307
6.636
6.658
6.592
7.513
8.168
7.604
7.146
6.441
6.046
5.572
6.735
7.610
7.976
7.267
7.989
6.796
7.638
7.233
7.156
6.256
4.117
4.610
3.981
2.206
1.638
0.692
1.625
1.417
0.742
1.280
1.674
1.792
3.665
3.191
5.186
5.720
5.924
7.094
6.779
6.595
8.040
7.557
8.556
